43,26
43,25
43,24
43,23
43,22
43,21
43,20
43,19
43,18
43,17
43,16
43,15
43,14
43,13
43,12
43,11
43,10
36,91
36,90
36,89
36,88
36,87
36,86
36,85
36,84
36,83
36,82
36,81
36,1
36,80
31,10
31,9
31,8
31,7
31,6
30,82
30,81
30,80
30,79
30,78
30,77
30,76
30,75
30,74
30,73
30,72
30,71
30,70
30,69
30,68
30,67
30,66
30,65
30,1
30,64
29,33
29,32
29,31
29,30
29,29
29,28
29,27
29,26
29,25
29,24
29,23
29,22
29,21
29,20
29,19
29,18
29,17
29,16
29,15
29,14
29,13
29,1
29,12
28,64
28,35
28,34
28,33
28,32
28,31
28,30
28,29
28,28
28,27
28,26
28,25
28,24
28,23
28,22
28,21
28,20
28,19
28,18
28,17
28,16
28,15
28,14
28,13
28,1
28,12
26,17
26,16
26,15
18,1
26,14
18,3
26,1
26,13
26,12
26,11
26,10
26,9
26,8
14,6
26,7
14,3
26,6
13,1
25,106
13,3
25,105
25,104
25,103
25,102
25,101
25,100
25,99
25,98
25,97
25,96
25,95
25,94
25,93
25,92
25,91
25,90
25,89
25,88
25,87
25,86
25,85
25,84
25,83
25,82
25,81
25,80
25,79
25,78
25,77
25,76
25,75
25,74
25,73
25,72
25,71
25,70
25,69
25,68
25,67
25,66
25,65
25,64
25,38
25,37
25,36
25,35
25,1
25,34
14,22
14,21
14,20
2,2
14,19
2,1
14,1
2,3
14,18
0,0
